0 0.213608870967742 0.29327956989247306 0.04816028225806459 0.07446236559139786
0 0.32890625 0.3016801075268816 0.0441028225806452 0.053763440860214944
0 0.40188577586206903 0.3083692528735632 0.04555495689655169 0.05492097701149431
0 0.4894396551724138 0.2957974137931035 0.04051724137931032 0.04148706896551732
0 0.6261584051724138 0.16828304597701152 0.041756465517241284 0.04849137931034484
0 0.021875 0.9635416666666666 0.04375 0.06041666666666667
0 0.11320043103448274 0.9530172413793103 0.04264547413793096 0.06073994252873559
0 0.8078125 0.9697916666666667 0.05 0.05625
0 0.9004040948275861 0.9538433908045978 0.0390625 0.058800287356321826
0 0.44579741379310345 0.8945761494252874 0.051373922413793106 0.0414870689655172
0 0.8593211206896552 0.6512212643678161 0.03232758620689644 0.03951149425287355