0 0.5015625 0.020833333333333332 0.053125 0.041666666666666664
0 0.61328125 0.022916666666666665 0.0484375 0.04583333333333333
0 0.7719019396551724 0.14159482758620695 0.03693426724137936 0.03670977011494252
0 0.8264547413793103 0.13710488505747126 0.02155172413793096 0.03412356321839081
0 0.10280172413793105 0.5720905172413794 0.02462284482758621 0.0482040229885058
0 0.16543642241379306 0.570294540229885 0.0470096982758621 0.05208333333333339
0 0.121875 0.971875 0.05 0.052083333333333336
0 0.03141163793103452 0.7040948275862069 0.04846443965517242 0.05014367816091957
0 0.7595366379310345 0.5689655172413793 0.05059267241379306 0.057902298850574734
0 0.8814385775862069 0.8446479885057472 0.06872306034482759 0.06655890804597699
0 0.984375 0.7947916666666667 0.028125 0.07708333333333334