0 0.303125 0.240625 0.03125 0.052083333333333336
0 0.22734375 0.25416666666666665 0.0546875 0.025
0 0.56953125 0.16770833333333332 0.0359375 0.04791666666666667
0 0.4515625 0.007291666666666667 0.034375 0.014583333333333334
0 0.6294719827586207 0.06989942528735635 0.06726831896551726 0.07625718390804602
0 0.75546875 0.029166666666666667 0.0421875 0.058333333333333334
0 0.4278825431034483 0.5417385057471265 0.05282866379310338 0.05402298850574709
0 0.18811961206896552 0.4645114942528736 0.0390625 0.05402298850574721
0 0.26961206896551726 0.44385775862068966 0.03771551724137936 0.052083333333333336
0 0.08036099137931037 0.3280172413793104 0.030334051724137945 0.04342672413793105
0 0.7921066810344828 0.4621408045977012 0.03402478448275863 0.05402298850574709
0 0.98984375 0.6302083333333334 0.0171875 0.05625