0 0.04070060483870961 0.09623655913978493 0.028553427419354804 0.03723118279569893
0 0.4010836693548388 0.12647849462365593 0.04158266129032242 0.036962365591397865
0 0.747101814516129 0.1847782258064516 0.0516129032258064 0.04831989247311827
0 0.834047379032258 0.09321236559139787 0.03150201612903238 0.036962365591397865
0 0.8850806451612904 0.09405241935483873 0.02996471774193541 0.032627688172043
0 0.147101814516129 0.7655913978494624 0.046748991935483805 0.051243279569892525
0 0.42109375 0.7697916666666667 0.0328125 0.052083333333333336
0 0.8272135416666668 0.8796875 0.05533854166666661 0.060590277777777736
0 0.9255208333333333 0.8727430555555556 0.046875 0.05034722222222214
0 0.990625 0.66875 0.015625 0.04583333333333333
0 0.933984375 0.6557291666666667 0.029947916666666786 0.050347222222222175