0 0.1320581896551724 0.14148706896551733 0.04579741379310356 0.03412356321839076
0 0.01328125 0.265625 0.0265625 0.052083333333333336
0 0.5734375 0.07083333333333333 0.028125 0.041666666666666664
0 0.77421875 0.013541666666666667 0.0296875 0.027083333333333334
0 0.8203125 0.011458333333333333 0.028125 0.022916666666666665
0 0.9328125 0.384375 0.053125 0.06458333333333334
0 0.01015625 0.95 0.0203125 0.0875
0 0.0140625 0.5458333333333333 0.028125 0.04583333333333333
0 0.1734375 0.43645833333333334 0.046875 0.035416666666666666
0 0.7408674568965518 0.7193606321839081 0.04175646551724137 0.04849137931034484
0 0.9476293103448276 0.8360991379310345 0.05719288793103452 0.052083333333333336