0 0.26928879310344833 0.19698275862068967 0.03760775862068968 0.051185344827586236
0 0.18173491379310347 0.20775862068965517 0.0350215517241379 0.05747126436781613
0 0.4161099137931036 0.06946839080459774 0.04579741379310356 0.04310344827586213
0 0.8027209051724139 0.11099137931034483 0.05786637931034484 0.07237787356321827
0 0.9219288793103448 0.07507183908045979 0.05350215517241388 0.06461925287356322
0 0.22351831896551727 0.43157327586206906 0.04119073275862064 0.03760775862068968
0 0.289520474137931 0.41361350574712646 0.0311153017241379 0.04044540229885053
0 0.3629310344827587 0.6434985632183908 0.04579741379310356 0.0736350574712643
0 0.46866918103448274 0.651580459770115 0.0471443965517242 0.06106321839080463
0 0.8696390086206897 0.5036637931034483 0.04991918103448274 0.04626436781609193
0 0.9518049568965518 0.48929597701149424 0.0309806034482758 0.04310344827586204