0 0.07147090517241388 0.03703304597701151 0.04197198275862064 0.04820402298850578
0 0.51875 0.34375 0.0375 0.075
0 0.6202316810344828 0.351580459770115 0.0471443965517242 0.06106321839080463
0 0.2303879310344828 0.8316451149425288 0.04846443965517242 0.09163074712643678
0 0.09703663793103452 0.8936063218390805 0.06726831896551726 0.08685344827586215
0 0.184375 0.490625 0.0625 0.04375
0 0.10625 0.49166666666666664 0.034375 0.04583333333333333
0 0.6419181034482759 0.7965158045977012 0.051373922413793106 0.059841954022988614
0 0.7348599137931034 0.7605962643678161 0.03547952586206886 0.07043821839080462
0 0.6163254310344828 0.5441810344827587 0.0350215517241379 0.03951149425287355
0 0.6803071120689655 0.5307112068965517 0.02820581896551726 0.04148706896551726