0 0.09921875 0.615625 0.0640625 0.06458333333333334
0 0.249542025862069 0.5766163793103448 0.06581357758620685 0.08387212643678173
0 0.18421336206896557 0.17162356321839087 0.03469827586206895 0.06461925287356322
0 0.26570581896551726 0.17341954022988507 0.0470096982758621 0.043426724137931076
0 0.4360991379310345 0.05757902298850581 0.0463362068965516 0.044324712643678175
0 0.8436153017241379 0.2862787356321839 0.03693426724137927 0.043426724137931076
0 0.9075969827586207 0.2737068965517242 0.02675107758620694 0.043426724137931076
0 0.900188577586207 0.4946120689655173 0.04991918103448274 0.05686063218390818
0 0.9859375 0.471875 0.025 0.06041666666666667
0 0.14140625 0.675 0.0484375 0.05
0 0.059375 0.6760416666666667 0.034375 0.052083333333333336