0 0.24787176724137933 0.2332255747126437 0.04175646551724137 0.05567528735632183
0 0.3327316810344828 0.22065373563218393 0.03402478448275863 0.052083333333333336
0 0.3583243534482759 0.10032327586206898 0.02828663793103452 0.04489942528735635
0 0.41893857758620695 0.10122126436781613 0.0390625 0.03951149425287355
0 0.43038793103448275 0.4568247126436783 0.05118534482758612 0.06824712643678149
0 0.3179148706896552 0.5008261494252875 0.05786637931034484 0.06267959770114946
0 0.6232758620689656 0.420977011494253 0.04846443965517242 0.0674568965517242
0 0.7269935344827587 0.42187500000000006 0.03771551724137936 0.05567528735632183
0 0.03768857758620694 0.8238146551724139 0.06872306034482759 0.06655890804597699
0 0.14342672413793114 0.774425287356322 0.03232758620689644 0.07543103448275872
0 0.9079175420168066 0.871358543417367 0.05777310924369754 0.0612745098039215
0 0.98828125 0.853125 0.0203125 0.052083333333333336