0 0.15296336206896552 0.21192528735632185 0.02462284482758621 0.04342672413793102
0 0.2155980603448276 0.21192528735632185 0.041756465517241284 0.0431034482758621
0 0.04655172413793105 0.35111350574712646 0.04555495689655178 0.04820402298850581
0 0.12737068965517243 0.3286637931034483 0.032327586206896616 0.05387931034482752
0 0.559375 0.019791666666666666 0.0375 0.03958333333333333
0 0.50625 0.01875 0.0125 0.0375
0 0.5737068965517242 0.35973419540229895 0.05387931034482758 0.07004310344827593
0 0.3994612068965518 0.5853448275862069 0.05428340517241388 0.06461925287356322
0 0.534375 0.84375 0.06875 0.09166666666666666
0 0.6689924568965517 0.7885775862068966 0.05253232758620694 0.08620689655172432
0 0.8717133620689654 0.4311781609195402 0.05059267241379306 0.04626436781609193