0 0.047467672413793106 0.3253951149425288 0.05641163793103443 0.05880028735632171
0 0.14916487068965517 0.2894755747126437 0.041756465517241284 0.07004310344827572
0 0.1109375 0.010416666666666666 0.0375 0.020833333333333332
0 0.05078125 0.009375 0.0296875 0.01875
0 0.6811153017241379 0.5354885057471265 0.04991918103448274 0.06745689655172409
0 0.9074084051724138 0.09278017241379315 0.03615301724137936 0.038649425287356286
0 0.4983061974789916 0.832983193277311 0.04641544117647065 0.04184173669467792
0 0.4274028361344538 0.8224789915966386 0.030199579831932867 0.042016806722689044
0 0.48125 0.9927083333333333 0.0375 0.010416666666666666
0 0.7057650862068966 0.7519396551724138 0.05932112068965516 0.06178160919540237
0 0.8121767241379312 0.7375718390804598 0.04040948275862064 0.06465517241379312