0 0.08938577586206904 0.29213362068965526 0.05926724137931032 0.059267241379310526
0 0.1850215517241379 0.2633979885057472 0.03760775862068968 0.05984195402298858
0 0.084375 0.017708333333333333 0.0375 0.035416666666666666
0 0.14765625 0.014583333333333334 0.0296875 0.029166666666666667
0 0.7728987068965518 0.3632183908045976 0.05387931034482758 0.06824712643678149
0 0.8772898706896551 0.36052442528735634 0.0390625 0.05492097701149419
0 0.3919719827586207 0.8077945402298852 0.04846443965517242 0.08103448275862064
0 0.2707435344827586 0.8607758620689656 0.06726831896551726 0.08685344827586192
0 0.68125 0.8010416666666667 0.04375 0.04791666666666667
0 0.76484375 0.9802083333333333 0.0421875 0.035416666666666666
0 0.88828125 0.9854166666666667 0.0578125 0.025