0 0.20455280172413795 0.22586206896551725 0.03636853448275863 0.04310344827586204
0 0.26853448275862063 0.21329022988505753 0.02675107758620694 0.043426724137931076
0 0.26112607758620693 0.4341954022988507 0.04983836206896548 0.05747126436781613
0 0.35608836206896555 0.4108477011494253 0.04040948275862064 0.057471264367816015
0 0.8247575431034484 0.12345545977011495 0.05282866379310338 0.052083333333333336
0 0.9875 0.010416666666666666 0.021875 0.020833333333333332
0 0.7452855603448276 0.11537356321839086 0.0311153017241379 0.05402298850574709
0 0.09709051724137936 0.6192169540229886 0.04040948275862064 0.04849137931034484
0 0.13143857758620694 0.8625718390804598 0.05786637931034484 0.06461925287356322
0 0.2237068965517242 0.8293462643678161 0.0350215517241379 0.0664511494252873
0 0.645635775862069 0.5702586206896552 0.05350215517241379 0.043426724137931076
0 0.9734375 0.725 0.05 0.07083333333333333
0 0.92578125 0.51875 0.0421875 0.020833333333333332