0 0.11740301724137936 0.1210488505747127 0.02675107758620694 0.03954741379310344
0 0.05274784482758621 0.13721264367816097 0.03771551724137936 0.03951149425287355
0 0.11201508620689662 0.3311781609195403 0.04579741379310356 0.064655172413793
0 0.21034482758620693 0.31591235632183917 0.045797413793103384 0.0664511494252873
0 0.658001077586207 0.2708333333333333 0.07667025862068969 0.07909482758620688
0 0.7596982758620691 0.23042385057471268 0.04849137931034484 0.06285919540229894
0 0.53203125 0.008333333333333333 0.0484375 0.016666666666666666
0 0.3220096982758621 0.7001077586206896 0.07454202586206904 0.07043821839080475
0 0.42909482758620693 0.6534123563218391 0.03771551724137936 0.07004310344827593
0 0.7811197916666667 0.6519097222222222 0.037630208333333394 0.03697916666666667
0 0.8442708333333334 0.640625 0.03125 0.041666666666666664
0 0.9725260416666668 0.615451388888889 0.04296875 0.04340277777777784