0 0.39921875 0.0125 0.0328125 0.025
0 0.8586003151260504 0.2790266106442577 0.05777310924369754 0.061274509803921615
0 0.9511685924369748 0.26677170868347344 0.03807773109243691 0.05777310924369748
0 0.9875 0.06458333333333334 0.021875 0.041666666666666664
0 0.9301601890756303 0.05493697478991599 0.027849264705882247 0.04759278711484593
0 0.2973060344827586 0.6454022988505748 0.05387931034482758 0.05747126436781613
0 0.3821659482758621 0.6292385057471265 0.0350215517241379 0.05387931034482752
0 0.34108297413793115 0.8303879310344828 0.07139008620689644 0.06106321839080451
0 0.4984375 0.603125 0.01875 0.052083333333333336
0 0.5847790948275862 0.6018318965517242 0.05792025862068968 0.052083333333333336
0 0.8925646551724139 0.6036278735632185 0.04579741379310356 0.06645114942528743
0 0.984375 0.6010416666666667 0.028125 0.06041666666666667