0 0.015625 0.18333333333333332 0.03125 0.05
0 0.07685883620689662 0.163433908045977 0.028286637931034475 0.05387931034482752
0 0.1112068965517242 0.3071120689655173 0.026939655172413878 0.06465517241379312
0 0.2041487068965518 0.32776580459770116 0.061449353448275804 0.06267959770114946
0 0.4121228448275862 0.04594109195402301 0.05137392241379315 0.0414870689655172
0 0.47677801724137936 0.02618534482758624 0.02424568965517242 0.04849137931034484
0 0.7003771551724138 0.2417025862068966 0.03502155172413808 0.0700431034482758
0 0.8074622844827587 0.27133620689655186 0.05253232758620676 0.057471264367815925
0 0.17909482758620693 0.5821120689655174 0.026939655172413878 0.06465517241379312
0 0.27001616379310345 0.6009698275862069 0.05253232758620694 0.059267241379310436
0 0.3375 0.875 0.015625 0.05
0 0.40253232758620694 0.8536278735632183 0.032327586206896616 0.04489942528735635
0 0.7311961206896552 0.8599137931034483 0.05387931034482758 0.050287356321839144