0 0.3057112068965518 0.07485632183908049 0.0431034482758621 0.04669540229885053
0 0.36875 0.05520833333333333 0.01875 0.05625
0 0.06594827586206897 0.06677442528735635 0.04342672413793104 0.04536637931034484
0 0.1292564655172414 0.043426724137931076 0.02155172413793105 0.04489942528735635
0 0.40390625 0.371875 0.0484375 0.052083333333333336
0 0.5796875 0.47291666666666665 0.046875 0.05
0 0.69453125 0.4708333333333333 0.0546875 0.05416666666666667
0 0.8293642241379311 0.18354885057471268 0.04310344827586192 0.04669540229885053
0 0.2388020833333334 0.8965277777777778 0.06770833333333322 0.0625
0 0.52578125 0.5197916666666667 0.0578125 0.03958333333333333
0 0.6171605603448276 0.7307830459770116 0.05522629310344831 0.09518678160919526
0 0.7417564655172415 0.7244971264367818 0.05428340517241388 0.07909482758620688