0 0.02421875 0.13020833333333334 0.0484375 0.06875
0 0.12922952586206904 0.13509339080459776 0.0390625 0.05926724137931032
0 0.41171875 0.31354166666666666 0.0234375 0.06875
0 0.8409752155172414 0.3166666666666667 0.0470096982758621 0.06178160919540225
0 0.9453663793103448 0.3211566091954024 0.04310344827586192 0.05926724137931032
0 0.6571120689655172 0.041882183908045996 0.032327586206896616 0.0431034482758621
0 0.7163793103448276 0.03649425287356323 0.03232758620689644 0.035919540229885055
0 0.31900201612903223 0.4603158602150537 0.042842741935483986 0.03528225806451604
0 0.7095262096774194 0.5028561827956989 0.0453377016129032 0.039112903225806434
0 0.6433719758064516 0.4952956989247312 0.0341985887096774 0.03995295698924733
0 0.6171875 0.44166666666666665 0.025 0.025