0 0.32664331896551724 0.5047413793103449 0.0471443965517242 0.0754310344827586
0 0.42834051724137934 0.5065373563218392 0.04342672413793096 0.057902298850574616
0 0.14278017241379315 0.23534482758620695 0.0350215517241379 0.03951149425287355
0 0.20137392241379315 0.22546695402298852 0.02828663793103452 0.0377155172413793
0 0.9109375 0.5385416666666667 0.046875 0.05625
0 0.11602909482758625 0.7153735632183909 0.03615301724137927 0.05402298850574709
0 0.043292025862069 0.7288433908045977 0.04445043103448274 0.04849137931034484
0 0.4433459051724139 0.6156968390804598 0.036368534482758716 0.0377155172413793
0 0.6655980603448276 0.9432830459770116 0.05522629310344831 0.09518678160919526
0 0.7901939655172414 0.9369971264367817 0.05428340517241388 0.07909482758620688
0 0.9453125 0.5802083333333333 0.0375 0.022916666666666665