0 0.2594558189655173 0.40682471264367825 0.0471443965517242 0.0754310344827586
0 0.07559267241379315 0.13742816091954027 0.0350215517241379 0.03951149425287355
0 0.13418642241379314 0.12755028735632185 0.02820581896551726 0.03760775862068962
0 0.44943426724137936 0.2906250000000001 0.02828663793103452 0.052083333333333336
0 0.5356411637931034 0.2888290229885058 0.04445043103448274 0.05567528735632195
0 0.7383620689655173 0.3642600574712644 0.04846443965517242 0.058800287356321826
0 0.823895474137931 0.34091235632183914 0.03367456896551726 0.0664511494252873
0 0.1194304435483871 0.7157930107526881 0.0415826612903226 0.04368279569892479
0 0.0551663306451613 0.7048723118279571 0.02898185483870961 0.0386424731182796
0 0.21953125 0.6020833333333333 0.0359375 0.025
0 0.35390625 0.6302083333333334 0.0296875 0.06875
0 0.99140625 0.6177083333333333 0.0140625 0.05625