0 0.12640086206896553 0.43868534482758625 0.059267241379310366 0.07004310344827593
0 0.391082974137931 0.16749281609195407 0.0311153017241379 0.04148706896551726
0 0.4557381465517242 0.16749281609195404 0.0309806034482758 0.04489942528735635
0 0.66171875 0.013541666666666667 0.0453125 0.027083333333333334
0 0.8795797413793103 0.19382183908045986 0.05926724137931032 0.05387931034482764
0 0.7913523706896551 0.15969827586206903 0.02559267241379324 0.06465517241379312
0 0.3183215725806452 0.6112903225806452 0.02898185483870961 0.0470430107526882
0 0.380695564516129 0.6138104838709677 0.047883064516129184 0.04872311827956987
0 0.47109375 0.53125 0.0140625 0.0375
0 0.6164331896551725 0.8759698275862069 0.05118534482758612 0.052083333333333336
0 0.6918642241379311 0.8651939655172414 0.03771551724137936 0.04849137931034496