0 0.16567887931034483 0.06867816091954024 0.02966056034482758 0.04238505747126435
0 0.22494612068965517 0.07406609195402301 0.03771551724137936 0.050287356321839026
0 0.35897090517241387 0.3533405172413794 0.0471443965517242 0.0736350574712643
0 0.46268857758620696 0.35783045977011496 0.05282866379310356 0.06461925287356322
0 0.61796875 0.011458333333333333 0.0421875 0.022916666666666665
0 0.06082974137931037 0.7856681034482759 0.05118534482758621 0.03771551724137936
0 0.16328125 0.9760416666666667 0.0640625 0.04375
0 0.26624461206896555 0.9580818965517242 0.04445043103448274 0.0736350574712643
0 0.2480603448275862 0.6410919540229885 0.0350215517241379 0.0431034482758621
0 0.18475215517241383 0.6383979885057471 0.02462284482758621 0.044324712643678175
0 0.7993265086206897 0.7036637931034483 0.04983836206896548 0.04669540229885053
0 0.8814924568965518 0.6892959770114941 0.0309806034482758 0.04310344827586204