0 0.1729256465517242 0.1561063218390805 0.03324353448275872 0.04238505747126441
0 0.2355603448275862 0.14802442528735635 0.02966056034482758 0.04148706896551722
0 0.39921875 0.43020833333333336 0.0171875 0.06875
0 0.7508568548387097 0.2227150537634408 0.045362903225806404 0.04368279569892479
0 0.8296118951612904 0.13198924731182793 0.026512096774193594 0.030745967741935467
0 0.8837953629032258 0.12862903225806452 0.031376008064516014 0.03723118279569893
0 0.05889008620689662 0.8485991379310345 0.05641163793103452 0.06267959770114946
0 0.14577047413793115 0.8270474137931034 0.0311153017241379 0.06267959770114935
0 0.5474137931034483 0.8573275862068965 0.03771551724137936 0.06824712643678149
0 0.6592133620689655 0.8752873563218392 0.05932112068965516 0.06178160919540237
0 0.42578125 0.7135416666666666 0.0328125 0.06041666666666667
0 0.8740571120689655 0.5295617816091954 0.0311153017241379 0.04536637931034484