0 0.07532327586206904 0.23232758620689656 0.03502155172413808 0.050287356321839144
0 0.0046875 0.22604166666666667 0.009375 0.052083333333333336
0 0.4780711206896552 0.35625 0.05118534482758648 0.06465517241379312
0 0.37233297413793115 0.3535560344827587 0.0470096982758621 0.07043821839080462
0 0.6014008620689656 0.3985991379310345 0.05387931034482758 0.04849137931034472
0 0.6020743534482759 0.1911637931034483 0.02820581896551726 0.04342672413793102
0 0.0640625 0.6757902298850575 0.03771551724137936 0.05387931034482752
0 0.1529633620689655 0.678484195402299 0.04633620689655178 0.052083333333333336
0 0.4284213362068966 0.7539152298850575 0.05792025862068968 0.05926724137931032
0 0.57578125 0.79375 0.0140625 0.0625
0 0.6605334051724138 0.7913793103448276 0.05282866379310347 0.06849856321839086
0 0.948114224137931 0.8003591954022989 0.04849137931034484 0.06465517241379312