0 0.06484375 0.01875 0.0578125 0.0375
0 0.15603448275862072 0.2143318965517242 0.04040948275862064 0.0736350574712643
0 0.27860991379310357 0.2233117816091955 0.05641163793103452 0.07043821839080451
0 0.5035021551724139 0.4747844827586207 0.05137392241379306 0.06178160919540225
0 0.5944234913793104 0.45592672413793106 0.03367456896551726 0.0664511494252873
0 0.047979525862068995 0.839080459770115 0.04445043103448274 0.05387931034482764
0 0.26686422413793115 0.8848778735632185 0.05137392241379306 0.06655890804597711
0 0.3611530172413794 0.8767959770114943 0.0350215517241379 0.05387931034482752
0 0.8485887096774194 0.702856182795699 0.045362903225806404 0.0386424731182796
0 0.7824344758064516 0.6952956989247312 0.0340221774193548 0.04032258064516132
0 0.7559727822580645 0.6356518817204301 0.023941532258064592 0.03528225806451613