0 0.17839439655172415 0.30028735632183917 0.05657327586206895 0.050287356321839144
0 0.3191540948275862 0.4385775862068966 0.0390625 0.0790229885057471
0 0.40859375 0.45208333333333334 0.0171875 0.06666666666666667
0 0.578125 0.01875 0.0375 0.0375
0 0.9539314516129032 0.31105510752688176 0.05796370967741922 0.05880376344086026
0 0.041971982758620685 0.6079022988505748 0.03232758620689653 0.03951149425287355
0 0.22381465517241378 0.6994971264367816 0.045797413793103384 0.04310344827586216
0 0.29587823275862074 0.6761494252873563 0.02820581896551726 0.0473060344827586
0 0.41015625 0.8 0.0140625 0.06666666666666667
0 0.6691002155172414 0.7336925287356323 0.02559267241379324 0.05028735632183909
0 0.6071390086206897 0.7498563218390805 0.036368534482758716 0.050287356321839026