0 0.044073275862068974 0.1529094827586207 0.05118534482758621 0.04849137931034484
0 0.4578125 0.008333333333333333 0.034375 0.016666666666666666
0 0.403125 0.004166666666666667 0.025 0.008333333333333333
0 0.5923760775862069 0.2700431034482759 0.041756465517241284 0.06465517241379312
0 0.7264008620689656 0.38229166666666664 0.02963362068965516 0.0772270114942529
0 0.8435883620689655 0.42000718390804603 0.06734913793103452 0.0664511494252873
0 0.075 0.9645833333333333 0.071875 0.06666666666666667
0 0.39199892241379314 0.5152298850574712 0.05792025862068968 0.04669540229885053
0 0.7240571120689655 0.8045617816091954 0.06061422413793105 0.0664511494252873
0 0.8405711206896551 0.7767241379310347 0.05118534482758612 0.061063218390804745
0 0.53828125 0.5875 0.0390625 0.05416666666666667
0 0.6122575431034483 0.5621048850574712 0.03367456896551726 0.05567528735632183