0 0 images 
1 1 168 
2 2 170 
3 3 172 
4 4 174 
5 5 176 
6 6 178 
7 7 179 
8 8 181 
9 9 182 
10 10 184 
11 11 186 
12 12 188 
13 13 190 
14 14 192 
15 15 193 
16 16 195 
17 17 197 
18 18 198 
19 19 200 
20 20 202 
21 21 203 
22 22 205 
23 23 206 
24 24 208 
25 25 210 
26 26 212 
27 27 214 
28 28 216 
29 29 217 
30 30 219 
31 31 221 
32 32 222 
33 33 224 
34 34 226 
35 35 227 
36 36 229 
37 37 230 
38 38 232 
39 39 234 
40 40 236 
41 41 238 
42 42 240 
43 43 241 
44 44 243 
45 45 244 
46 46 246 
47 47 248 
48 48 250 
49 49 251 
50 50 253 
51 51 256 
52 52 257 
53 53 259 
54 54 261 
55 55 263 
56 56 265 
57 57 267 
58 58 268 
59 59 270 
60 60 272 
61 61 277 
62 62 278 
63 63 280 
64 64 282 
65 65 284 
66 66 286 
67 67 287 
68 68 289 
69 69 291 
70 70 296 
71 71 297 
72 72 299 
73 73 301 
74 74 303 
75 75 305 
76 76 306 
77 77 308 
78 78 310 
79 79 315 
80 80 316 
81 81 318 
82 82 320 
83 83 322 
84 84 324 
85 85 325 
86 86 327 
87 87 370 
88 88 329 
89 89 330 
90 90 332 
91 91 334 
92 92 336 
93 93 338 
94 94 339 
95 95 341 
96 96 432 
97 97 343 
98 98 344 
99 99 346 
100 100 348 
101 101 350 
102 102 352 
103 103 353 
104 104 355 
105 105 494 
106 106 357 
107 107 358 
108 108 360 
109 109 362 
110 110 364 
111 111 366 
112 112 367 
113 113 369 
114 114 556 
115 115 tidl_yol_od_output_layer 
116 116 detections 
117 0 images 
